SampleNumber	0	71	72	73	74
SampleName	None	SE5289_SA29274	SE5289_SA29275	SE5289_SA29276	SE5289_SA29277
L7T1101	88.80188	0.2536383	2.412351	6.997119	1.535009
L7T1102	61.8853	3.789545	7.437584	17.25453	9.633041
L7T1103	81.45189	0.6104532	1.375171	12.92405	3.638436
L7T1104	88.88102	0.09720799	0.2593931	9.6363	1.126078
L7T1105	71.64578	1.601418	2.468768	16.28024	8.003792
L7T1106	84.54683	0.3958683	0.6194587	11.6488	2.789043
L7T1107	83.14846	0.4585854	0.7528286	12.20708	3.433042
L7T1108	83.16254	0.6239121	0.8140577	11.12627	4.273214
L7T1109	72.69719	2.174712	2.793931	13.44492	8.889239
L7T1110	83.12166	0.3958062	0.6110937	12.2383	3.633138
L7T1111	82.15556	0.5183036	0.6954998	12.57711	4.05353
L7T1112	89.65346	0.06294095	0.1492952	9.227485	0.9068142
L7T1113	85.64222	0.2514213	0.4358567	11.31121	2.359285
L7T1114	90.31384	0.04579218	0.1014366	8.82679	0.7121378
L7T1115	82.45655	0.3261845	0.5153402	13.04338	3.658543
L7T1116	87.75852	0.03350977	0.07630266	11.28709	0.8445821
L7T1117	79.144	0.9194256	1.11946	12.56792	6.2492
L7T1118	56.44833	6.755471	7.270448	14.58888	14.93687
L7T1119	52.22385	8.884482	8.899583	14.21003	15.78206
L7T1120	33.94024	17.16319	16.73239	14.38997	17.77422
L7T1121	89.62402	0.02864201	0.06214335	9.637359	0.6478327
L7T1122	82.01467	0.4721301	0.5595633	12.38001	4.573629
L7T1123	85.1538	0.1509902	0.2206052	12.15906	2.315544
L7T1124	88.28748	0.04673999	0.08128496	10.59334	0.9911507
L7T1201	94.33624	0.04556179	0.5298888	4.670121	0.4181842
L7T1202	92.69813	0.04583218	0.282731	6.492231	0.4810726
L7T1203	89.10899	0.1068106	0.3211801	9.329999	1.133016
L7T1204	87.11143	0.153846	0.3614029	10.78967	1.58365
L7T1205	85.69365	0.1810447	0.3573072	11.78697	1.981027
L7T1206	83.50938	0.3314511	0.5425509	12.73229	2.884329
L7T1207	90.98897	0.03455002	0.08477112	8.330708	0.5610039
L7T1208	86.7024	0.1639457	0.3102547	10.91867	1.904725
L7T1209	39.04735	13.42993	14.13314	15.90681	17.48277
L7T1210	90.37504	0.04749944	0.1061924	8.737415	0.7338566
L7T1211	86.73607	0.1486738	0.1910419	11.10903	1.815187
L7T1212	36.37736	15.05408	15.46488	15.25541	17.84827
L7T1213	82.28297	0.5844169	0.7156233	12.3651	4.051894
L7T1214	58.62209	6.30856	6.606842	14.20581	14.25669
L7T1215	82.72871	0.3316033	0.4446773	12.65955	3.835458
L7T1216	95.03819	0.004653193	0.01240852	4.859302	0.0854454
L7T1217	39.80003	13.49961	14.14758	14.67192	17.88086
L7T1218	32.73688	17.17723	16.52452	15.0027	18.55868
L7T1219	41.58622	14.16967	13.93763	13.83382	16.47266
L7T1220	42.90838	13.21829	12.53218	14.37332	16.96783
L7T1221	58.48989	7.010882	7.203972	13.73331	13.56195
L7T1222	49.77016	10.71257	10.52993	13.51739	15.46995
L7T1223	83.83858	0.3384361	0.3575267	11.74111	3.724347
L7T1224	42.80415	14.0593	14.20943	12.97489	15.95222
L7T2101	68.51975	2.746644	6.415779	14.22727	8.090551
L7T2102	37.73264	11.9469	14.76678	19.0553	16.49838
L7T2103	29.50406	20.12641	18.4162	15.60138	16.35194
L7T2104	29.89391	20.47423	16.72418	15.59724	17.31044
L7T2105	37.2476	17.33158	15.54461	13.9379	15.93832
L7T2106	29.71182	20.28119	17.04781	16.21058	16.74861
L7T2107	82.37919	0.3272814	0.5121296	12.18334	4.598059
L7T2108	37.04792	18.75391	11.45135	14.85924	17.88758
L7T2109	21.83639	21.55228	19.38254	17.04563	20.18315
L7T2110	30.25737	19.76757	15.7842	15.45069	18.74017
L7T2111	29.16671	19.81716	16.84094	15.31269	18.8625
L7T2112	33.79451	18.15465	14.84525	14.52417	18.68142
L7T2113	85.87337	0.1569023	0.2491688	11.1928	2.527761
L7T2114	24.53912	20.51886	18.25146	16.00772	20.68283
L7T2115	29.84336	19.20457	16.68289	14.91844	19.35075
L7T2116	30.80657	18.77892	16.02167	14.31141	20.08142
L7T2117	35.81278	17.58108	13.16442	13.63563	19.80608
L7T2118	32.46125	18.08819	14.77584	14.02436	20.65036
L7T2119	41.897	14.70127	12.59566	11.86306	18.94301
L7T2120	30.40805	18.68715	15.64965	14.81487	20.44028
L7T2121	29.44489	19.08721	17.52506	15.55691	18.38593
L7T2122	29.81028	18.71048	16.16873	14.67868	20.63184
L7T2123	32.38921	17.50054	16.51582	14.11909	19.47534
L7T2124	45.84848	13.26342	11.99898	10.99474	17.89438
L7T2201	82.34676	0.563418	2.258436	11.02349	3.807897
L7T2202	37.30899	18.54866	16.16786	14.61791	13.35658
L7T2203	91.88392	0.05706969	0.1542474	6.824176	1.080589
L7T2204	82.04655	0.1577117	0.3861177	13.94229	3.467333
L7T2205	31.56549	19.70115	16.85739	15.01478	16.8612
L7T2206	30.2107	19.80659	17.83566	15.42123	16.72582
L7T2207	33.41231	18.2925	17.29736	14.24268	16.75515
L7T2208	32.7194	18.85304	16.96993	14.72004	16.73758
L7T2209	86.84356	0.04449172	0.07002746	11.55114	1.490786
L7T2210	30.48264	18.30481	18.16994	14.2227	18.81991
L7T2211	27.40135	19.51406	17.77571	15.1431	20.16579
L7T2212	30.79331	19.27547	17.33148	15.0947	17.50505
L7T2213	30.73519	19.0464	17.70842	14.9606	17.54939
L7T2214	30.84126	18.33511	17.28019	14.3628	19.18064
L7T2215	29.44082	18.96795	17.53007	14.93653	19.12463
L7T2216	33.88469	18.10192	15.59306	13.82447	18.59586
L7T2217	86.18825	0.05551056	0.1061314	11.84038	1.809728
L7T2218	40.05844	16.26806	13.19968	12.64232	17.8315
L7T2219	31.69053	18.22755	15.89629	14.40984	19.77578
L7T2220	30.73938	18.61795	15.94389	14.51116	20.18762
L7T2221	28.41896	19.92694	16.78134	15.73538	19.13738
L7T2222	31.02189	18.46796	17.04016	14.48532	18.98467
L7T2223	29.92093	18.63205	17.33015	14.73911	19.37776
L7T2224	39.83547	15.46597	13.94448	12.78476	17.96933

### Most Popular Unknown Index Sequences
### Columns: Index_Sequence Hit_Count
ATTACG	11781700
TGACTA	11579640
GCTAAT	6244660
ATTAGG	4050840
TGACCC	2870540
AGATGT	2767900
ATTATG	2734420
TGAGTA	2320440
TGACCG	2263400
GTCACG	2098020
GGTAAT	2045160
GCATGT	2014920
GCCAGT	1858780
AAATGT	1793700
TGATTA	1766120
CTCACG	1466180
GATAAT	1436880
GCGAAT	1372220
GCCGAT	1364600
ATATGT	1343900
ATTAAG	1282940
TGACGA	1226980
GCCTGT	1187420
ACTTGT	1182640
CCATGT	1173960
ATCTCG	1143440
TGATGA	940280
GTTAAT	925920
ACGTGT	922100
ATCGCG	920340
GCCGGT	843720
TGAGGA	752960
GCCTAT	667740
GGCAAT	662540
GCTTGT	633520
GTTACG	630320
ATGACG	578560
ATTTGG	572820
GGAAAT	561180
TCATGT	550120
TGACTG	549180
GGGAAT	532260
TGTCCA	505660
TGGCCA	486240
GCCCAT	485520
ATAAGG	469640
TGATGT	398580
ATCCCG	393820
TGAATA	378020
GAGAAT	371420
TTCACG	357780
GCCATT	335340
TGACCT	320800
GCGTGT	314920
TGAAAA	314200
TGTCTA	313840
GCTGAT	307660
TGTCCG	301080
TTCCCG	300600
GCTAGT	300340
ATTGCG	296880
GCAAAT	294620
ATGAGG	278580
NCATGT	276120
TGGCTA	274700
GTCAAT	266960
ATTTCG	259840
ATTGGG	255440
TGACAA	255320
GACAAT	246040
GTTAGG	235740
NTCACG	226600
TTTACG	222880
TGTCCC	197020
GTCTCG	196980
ATAACG	196340
GGATGT	185560
NCCAAT	185340
GCCACT	184440
GTTATG	183820
TGGCCG	181740
GTCGCG	180600
GAAAAT	180440
GTGAAT	179340
GCTTAT	177080
ATCAGG	176060
GGTTGT	169920
ATTTGT	167720
CTCCCG	165600
ATGATG	156340
TGGCCC	156200
TGACGG	153740
NGACCA	152660
ATCTGG	151960
TGAGTG	149620
GGTAGT	140420
CTCTCG	139860
GCTGGT	139740
GCCCCT	137980
GCCCGT	133880
ATAATG	124040
GGTGAT	118280
TGATTG	115620
ATTTTG	114260
CCTTGT	113680
GCCTTT	111780
TGAGAA	111280
ATAAAG	109280
CTCGCG	109000
CAGATC	106480
GTTTGG	101920
TGAAGA	101280
AGTTGT	100440
GTTTGT	98780
TGATGG	97580
TGTCTG	97040
GTAAAT	93940
NTTACG	91720
ATGAAG	91700
GCGGAT	91540
GTCCCG	90780
GCTATT	90300
TGACTT	88340
GGTGGT	86060
NGACTA	83340
TGATAA	82060
CCGTGT	81740
TTTATG	78260
AGGTGT	77040
TGAGGG	75740
GCCGTT	74920
TGTGTA	73820
TCTTGT	73560
TGTTTA	73060
GGGTGT	71020
TGGGTA	70200
GGTATT	70180
GGCAGT	69780
GGTTAT	68240
GTTAGT	67980
ATGTGT	67760
ATTGTG	67260
GCGAGT	66960
TGTCCT	65300
NGATGT	64680
GTTGGG	63900
TTTAGG	63420
TGAGCA	62980
ATCGGG	62560
TTCTCG	61940
TTCGCG	59620
GTATGT	58880
TGGCTG	57480
NTTAGG	54720
ATGTGG	54300
GTTGCG	54000
GGCGAT	53900
TGTTGT	53220
ATCAAG	50700
NGACCG	49000
GCCCTT	48700
NTCTCG	48180
NCTTGT	47040
ACCTGT	46920
TGACGT	46600
GTTTCG	46360
GGCTGT	46360
TGCCCG	46180
TTTTGG	46080
TGATTT	44620
TGCCCT	43900
GCGGGT	42860
NCTAAT	42520
TGCCCC	41980
TGTTTG	41000
GGGGAT	40980
GCGTAT	40820
TGTGTG	40500
TGGTTA	40100
GGGAGT	39800
GGCGGT	39780
NCCTGT	39480
CCCCCC	39200
GTCACT	38620
TGATCA	38420
GCTTTT	37220
TGGCGA	36880
TCGTGT	36780
TGTCGA	36520
GTTGAT	36440
GTGACG	35920
GTTGGT	35100
TTTGCG	32900
CCCTGT	32900
TGGTGT	32880
NTCGCG	32800
GTGTGT	32800
TGTCTT	32220
TTTTCG	32080
NTTATG	31420
TTTGGG	31360
GTTTTG	31080
GTCAGT	30780
NTATGT	30640
ATGGGG	30620
TTTTTG	30180
NGACCC	29880
ATGGCG	29800
ATCATG	29300
NCCAGT	29280
GGTTTT	29200
TGGCCT	29140
NCGTGT	28940
GTTATT	28860
GTCTGG	28840
GGGGGT	28660
GTCAGG	28620
GGCTAT	27880
TGAACA	26900
GGCATT	26880
TGTCGG	26820
NCCGGT	26660
TGAGTT	26600
TGGGTG	26500
NGTAAT	25920
NTTTGG	25380
TGTTGA	25000
GTTTAT	25000
TGTTGG	24240
GCTGTT	24020
TGTTTT	23880
GCGATT	23520
NTTAAG	23420
GGTGTT	23420
TGACGC	22880
GCCGCT	22780
NGATTA	22380
GTTGTG	21660
NGAGTA	21160
TTATGT	20900
TGTGGA	20640
GTGAGG	20280
TGGGGA	20260
TGGTGA	20120
TTTTGT	19340
GTTTTT	19340
TGGCGG	19160
NCCGAT	19140
GGGATT	18660
NTCCCG	18560
GGCCCT	18500
TGGTTG	18480
GGGTAT	18040
TGTGGG	17820
NGATGA	17760
GTCTGT	17700
NGTTGT	17620
ATGTCG	17600
NTTAAT	16480
TGAGGT	16100
GTCGGG	16060
NGAAAT	15680
TTTGTG	15420
TTGACG	15360
NAATGT	15340
GCCTCT	15320
NGTCCG	15120
CATGTC	14940
TGCCCA	14800
TGGTGG	14760
GTGATG	14320
TGGGGG	14180
GTGAGT	14080
TGGCTT	13840
GGCCAT	13480
GTCGAT	13400
TTTCCG	12780
NGAAAA	12780
NCCTAT	12780
NGACGA	12700
NTAAGG	12680
GTGTGG	12620
GTCGGT	12240
NTTTGT	11740
TGTGTT	11680
GTCATT	11240
TCACGC	11200
GCAATC	11140
NGAGGA	10760
NATAAT	10720
NTTGGG	10640
TGACTC	10400
ATGTTG	10340
ACATGG	10160
CAGGTC	10140
NGGCCG	10080
NGTCCA	10040
NGAATA	10040
TGACAC	10000
GTGGGT	9820
NGACTG	9800
GTGGGG	9780
GGCGTT	9780
GGCTTT	9400
NTCTGG	9380
NCGAAT	9360
NGCAAT	9260
NTTTCG	9180
TGTCGT	9040
CCATTG	9040
GTGGAT	8980
GTTGTT	8960
GGGGTT	8860
ATATGG	8760
TGATCT	8700
GACCAC	8680
GCCAAA	8380
GGGTTT	8180
GTTAAG	8040
TGAGCG	8000
GGCCTT	8000
GCGGTT	7900
GCCAAC	7840
TTGATG	7800
ATGGTG	7800
TGGTTT	7680
NGACCT	7660
CGGATC	7620
TGATCG	7540
NGGTGT	7500
NGGAAT	7420
NGGCCA	7260
GCGTTT	7260
NCCCAT	7160
NCCATT	7160
GCCATC	7140
CTTACG	7120
NTTGCG	7060
ATCTGT	7060
TTCTGG	7020
NTAAAG	6860
NGACGG	6820
TGGGTT	6440
GTCTAT	6400
ATCACC	6380
TGTGGT	6120
GTCATG	6120
ATACGC	6060
TTGTGG	6020
TTGAGG	5960
GGCCGT	5940
GTGATT	5840
TTCAGG	5820
NCCTTT	5760
TGGCGT	5460
CAGATG	5460
ACATGC	5380
CTCTGG	5280
NTAAAT	5220
NTGACG	5200
CAGTTC	5200
CATCAC	5160
TTCGGG	5120
GTGGCG	5100
TAGATC	5080
GTGTAT	5080
NTTTTG	5040
TTGTGT	5000
CTTGCG	4980
ACAATG	4800
AATCAC	4780
NTCAAT	4760
NTCGGG	4660
ATTCCG	4660
TTGGGG	4620
ACATAT	4600
NGTCCC	4560
GAGATC	4520
CGCCAA	4520
NGATTG	4500
NCAAAT	4500
NTGTGT	4480
NTGAGG	4480
NCCCGT	4480
TGTCTC	4460
CAATTG	4440
NGATGG	4420
ACGCGG	4300
GTGTTG	4260
ATTAGT	4260
ATCACT	4260
NGAAGA	4220
TGGCTC	4160
NGTGGT	4140
GCCCAA	4080
GGCCAA	4040
ATCAAC	3960
TGGACC	3860
ATTAAC	3860
GCCAAG	3840
NAAAAT	3820
TGGGCA	3760
NTCAGG	3760
AAAAAA	3740
NGAGTG	3720
ACCAAT	3720
ATCCGC	3700
ACATTT	3660
TGTCGC	3640
TGAACC	3640
NGGCCC	3640
ATTAAT	3640
TCCAAT	3620
TCCTGT	3600
NTGAAT	3560
TTGGCG	3520
GTGTCG	3520
NGTCTA	3500
ACACGC	3440
AACATG	3440
NGCTGT	3360
GCTAAA	3360
CTTTCG	3320
NGAGGG	3280
NGTCCT	3240
CTGATC	3240
TGCCAC	3200
TGGGGT	3180
CCGATC	3160
ATTACT	3120
ACTAAT	3100
GTGGTG	3080
ATTCAC	3080
NCCACT	3060
CGACCA	3060
ACTGTC	3020
ATTACC	3000
NTAATG	2980
GTCTTT	2980
TTATGA	2940
ACCACG	2940
NCTGAT	2920
GTGTTT	2920
NGTCTG	2900
NGTAGT	2900
TGGCGC	2880
NCCCCT	2880
ATAAGT	2880
NGTTTG	2860
NGGCTA	2860
CGATGT	2860
ATTAGC	2860
ATCTTG	2860
ATGAGA	2840
NGTTTT	2820
NCTAGT	2820
TGTGCA	2780
NGCCCG	2780
NGATAA	2780
NTAACG	2700
AGATGG	2680
TGAAAT	2660
NAGAAT	2640
CACATG	2640
TACCAC	2620
NGAGAA	2620
GGCCAC	2620
GAGATT	2620
CCTTTG	2620
GTCGCT	2580
ATCCAC	2580
ACACGT	2560
AATGTC	2540
TAACCA	2520
NGACAA	2520
NGCGGT	2500
NCCGTT	2500
CCATTC	2500
ATCAGC	2500
ATAAAA	2500
GGCACT	2480
NTGTGG	2460
CGTGTC	2460
CCCAAT	2460
CAGATA	2460
ATCACA	2460
NGCAGT	2440
CTCGGG	2440
TTACCA	2420
ACATTG	2420
TTACTA	2400
CGGGTC	2380
TTGTTG	2360
TTAATA	2360
TGTGCG	2340
TGTTCG	2300
GTCGTT	2280
GTCTCT	2260
GCTATC	2260
AAGATG	2260
NGACTT	2240
NGTTGG	2220
CTGACC	2200
NTTGTG	2180
NGTTAT	2180
ATTACA	2180
ACGTGG	2180
TGGGCG	2160
GGGGGG	2160
CCGTTG	2160
GTTCCG	2140
GCTAAC	2140
CAGATT	2140
GTGGTT	2120
TGTTCA	2100
TAGATA	2100
ATCTCT	2100
TTGACC	2080
NTTGGT	2080
NTGAAG	2060
NGATTT	2060
NCTGGT	2040
CTGACG	2040
AAGATC	2020
ANCACG	2000
ACAGTC	1980
ACATGA	1960
TGATGC	1940
NGACGT	1940
CTGGCC	1940
TTGGTG	1920
GNCAAT	1920
CCAATC	1920
TTGTCG	1900
TTACCG	1900
CTCCCC	1900
CATGTG	1900
GTCCCT	1880
CCGTTC	1880
TCTCGC	1860
NTGATG	1860
NGGCTG	1860
NGTCGG	1800
CTTCCG	1800
CCCTTG	1800
ACATTC	1780
NGTGTG	1760
GACTAC	1760
CGGTTC	1760
NTTAGT	1720
TNACCA	1700
TAACTA	1700
GTCAAG	1700
GCATAT	1700
ATCGTG	1700
ACGGGG	1700
TTGCCG	1680
TGGGCC	1680
GTCTTG	1680
GGAAAA	1660
ATTCGC	1660
NCTTAT	1640
TGGTCA	1620
NGTTTA	1600
TNACCC	1580
TCCCCC	1580
NGCCCC	1580
NCCCTT	1580
NGTGAT	1560
NGCGAT	1540
GGTAAA	1540
GAGATG	1540
CCATTT	1540
ANATGT	1540
TTATTA	1520
TGATCC	1520
CGATTG	1520
ACTTGG	1520
TTACGC	1500
CAAATG	1500
CTGGCG	1480
NACAAT	1460
NGGCGG	1440
TTACGG	1420
TGGATC	1420
GGCGCT	1420
ATCCGG	1420
NGCCCT	1400
NGCATT	1400
NTCTGT	1380
AAATTG	1380
TAGATG	1360
GGTCTT	1360
CGGCTC	1360
TGTTCT	1340
NGTGTT	1340
ACCATG	1340
TTCATG	1320
NGGCCT	1320
ATAAAT	1320
AAAATG	1320
NGTATT	1300
GAATGT	1280
CTTGTC	1280
ACTATG	1280
TNTCCC	1260
TCTAAT	1260
GCTCAT	1260
CCTGTC	1260
TTAAGA	1240
NGGTTG	1240
CTGATG	1240
ANCTCG	1240
AGATTT	1240
TTATGG	1220
GTGAAG	1220
ATTATT	1220
TGCCTT	1200
NTCAGT	1200
ATTTGC	1180
ATTTAC	1180
NCCTCT	1160
NCCCCC	1160
CTGTCG	1160
TTAGGG	1140
NTGGGG	1140
ANTTGT	1140
NGTCGA	1100
CTTTTG	1100
ACTACG	1100
GTCGTG	1080
CAGTTG	1080
CACTTG	1080
ATTAGA	1080
AATGTG	1080
TGTAAT	1060
NGTCTT	1060
NGGGGT	1060
GGATAT	1060
GCATTT	1060
GAGATA	1060
CTTTGT	1060
TTACGA	1040
NCCGCT	1040
GNCACG	1040
GACCGC	1040
TGGTCG	1020
NGACGC	1020
GCGCGG	1020
ATTAAA	1020
ATGGGA	1020
AGATGA	1020
AATTAC	1020
NGGGTG	1000
GGTCAT	1000
GCTAAG	1000
GAATTG	1000
ACNTGT	1000
NTTTTT	980
GCNAAT	980
GCCCAC	980
TGGGTC	960
NTCGGT	960
NCTTTT	960
GNCTGT	960
GATAAA	960
AGATAT	960
AATATG	960
AATAAT	960
TTAAAA	940
TGGGGC	940
NGGCGA	940
NCTATT	940
ATNACG	940
TTTAAT	920
TTAAGG	920
TGAGCT	920
NGTGGG	920
NGGTGG	920
GGCCGC	920
CGCCAC	920
AAGATA	920
AAATAT	920
TGAATG	900
NGGTTT	900
GCATGG	900
GCAATG	900
CTCTGT	900
CTCAGG	900
CGGTGT	900
CATTAC	900
AAATGG	900
TTAGGA	880
TTAACA	880
NGGTTA	880
NCGGAT	880
GCCACG	880
CAGCTC	880
TTTTTT	860
TGTATT	860
TCACCA	860
NGGGGG	860
NGCTAT	860
GCGGGG	860
TGCCGT	840
NTTGAT	840
NTTATT	840
NTGTCG	840
NCGGGT	840
GTTACT	840
GGTAAG	840
CTTTGG	840
TGACAG	820
NGTGTA	820
NAGATC	820
GGAATC	820
GATGTC	820
CTATGT	820
TTTCGG	800
TNTCCA	800
TGAGTC	800
TGAGGC	800
NTCATG	800
NGGGAT	800
GCATTC	800
GATTAC	800
CTTGTG	800
ATAAGA	800
TGCCGC	780
NGGGTA	780
CGTTTG	780
CGGTTG	780
CGGGGG	780
CGACTA	780
AGTAAT	780
AAGATT	780
TGGTCC	760
TGAGAC	760
NGGAGT	760
GGTGGG	760
GCTCTT	760
GCCAGC	760
GCAGTC	760
GAAATG	760
CGCCAG	760
CCTTTT	760
GTCACC	740
GGTATC	740
GCCGAG	740
GCCAGA	740
GATGAT	740
CATTTG	740
TTTCGC	720
TACTAC	720
NTTTAT	720
GTAAAG	720
GGGGGC	720
GCCGGG	720
GCCCCC	720
GAGGAT	720
AGGGGG	720
GNTTGT	700
GATGTG	700
GATCAC	700
ATTATA	700
ATAGGC	700
NGTCGT	680
GNCATT	680
GGGCAA	680
GGGATC	680
GCTGTC	680
GCTCGT	680
GATTAG	680
CTTGGG	680
CAGTTT	680
ATCAGT	680
TTACCC	660
TGTGCT	660
TCGCGC	660
NTGTTG	660
NGTGGA	660
NGGCTT	660
NGATCA	660
GNATGT	660
GCTCAA	660
CGTTGT	660
CGCCGA	660
CCGGTC	660
TGATTC	640
GGGAAA	640
GATCAG	640
CTGGTC	640
CCCTTC	640
ATCTGC	640
AAGTGT	640
TTCTTG	620
NGTTGA	620
GNCTAT	620
GGAAGT	620
GAATAT	620
CGTCAC	620
CCATGG	620
ATGCGG	620
ATACGG	620
TTTCTG	600
TGTGTC	600
TGGTGC	600
TGGTCT	600
TCACGG	600
NGGGGA	600
NGAGGT	600
GNCTCG	600
GGTCAA	600
GGCTCT	600
GCCGTC	600
GCCAGG	600
GCATTG	600
GCAAGT	600
GAGTAC	600
CTGTTC	600
CNTTGT	600
CCTAAT	600
CCCTCC	600
CAATCG	600
ATGCCG	600
AGAATG	600
TTAGTA	580
TGTTGC	580
TGNCTA	580
TAGATT	580
NCGAGT	580
GNCTTT	580
GGTTTG	580
GGGAAG	580
GCGATC	580
CTTCAC	580
CTGGTG	580
CTGGGG	580
CTCTTG	580
CNCTCG	580
CCCCCT	580
CCATGC	580
CAGGTG	580
ATTGGC	580
ATAGGG	580
AGGTGG	580
AAGGGA	580
AACACG	580
NGCTTT	560
NGAGTT	560
GTCCGG	560
GTCCAC	560
GGCCCC	560
GGAGGT	560
GCTTAA	560
GCTATG	560
CTCATG	560
CNCACG	560
ATTGAG	560
ACTTTT	560
ACAGGT	560
AAATGA	560
TTGGCC	540
TGGTTC	540
TGATAC	540
NTTCCG	540
NTGGCG	540
GGGGTC	540
GGAGAT	540
GCGAAC	540
GCCATG	540
ATTATC	540
ATAACA	540
AGTGTC	540
TTAATG	520
GGGTGG	520
GGGGAA	520
GCGGAG	520
CTCACT	520
CGCCCC	520
CCTCCC	520
AGTTGG	520
TGAAGG	500
TGAACG	500
TCATGC	500
NTCTTG	500
NTCAAG	500
NGGTAT	500
NGCCCA	500
GTCAAC	500
GTACGC	500
GNCAGT	500
GGTGTC	500
GGTCGT	500
GGCCGA	500
GCATGC	500
CNATGT	500
CGGATG	500
CCTTTC	500
CCCATG	500
CATCGC	500
ATATTT	500
AGAAAT	500
TTCCGG	480
TTAACG	480
TCATGG	480
TATTAC	480
NTGGTG	480
NGGGTT	480
NGCGTT	480
NGAGCA	480
GGGCAT	480
GATAGT	480
GAAATC	480
CTATTG	480
CCGTGG	480
ATTGAC	480
ATCAAT	480
ACAGTG	480
TGTATG	460
TGGAGC	460
TAATTA	460
NTAAAA	460
GGTTGG	460
GGGCTT	460
GCCTTC	460
GCCGAA	460
CTGTGG	460
CTCTCT	460
CGTGTG	460
CCGCGG	460
CCCCCG	460
ACAAAA	460
AATCGC	460
AAATTT	460
TTAGGC	440
TGCCGG	440
TAATTG	440
NCGTAT	440
GTCCGC	440
GGTTAA	440
GGGGTG	440
GGCAAG	440
GGAATA	440
GCGAAA	440
GCCTGC	440
GCCCGC	440
GCCCAG	440
CCGTTT	440
CCCTTT	440
ATCGGC	440
ATATAT	440
AGTACG	440
AGCACG	440
AGAAAA	440
ACATCT	440
TGTCAC	420
TGGATG	420
TGAGCC	420
NTCGAT	420
NGGTGA	420
GGTAAC	420
GGACCA	420
GCTTCT	420
GCGTGG	420
GAGGTC	420
GAGGAA	420
GAATAA	420
CTGTTG	420
CTCACC	420
CATGTA	420
CACGTG	420
ATATGA	420
AGATGC	420
AATGAC	420
TNACCG	400
TGTTCC	400
TGCCTG	400
TCCCGC	400
TCCCCT	400
NTGAGT	400
NTCTAT	400
NGGCGT	400
GTTGAG	400
GGTGTG	400
GGGTTG	400
GCTACT	400
GCGCAT	400
GCCGAC	400
GCCCGA	400
GCAGAT	400
GATGTT	400
GAGGGG	400
CTGTCC	400
CGGCAA	400
CCCTCT	400
CATATG	400
CACGCG	400
ATCTCC	400
ATAATA	400
