SampleNumber	0	75	76	77	78
SampleName	None	SE5290_SA29270	SE5290_SA29271	SE5290_SA29272	SE5290_SA29273
L8T1101	86.1821	0.1260267	1.094056	4.773028	7.824789
L8T1102	67.58544	0.6066458	1.620757	11.79097	18.39619
L8T1103	75.44715	0.4468362	1.228151	10.90161	11.97626
L8T1104	72.55356	0.6423976	1.493279	11.90783	13.40294
L8T1105	75.44194	0.6281961	1.544372	11.08728	11.29821
L8T1106	84.3722	0.3224665	1.329332	7.339288	6.636715
L8T1107	73.10682	0.7384969	1.723584	12.51463	11.91647
L8T1108	72.05274	0.6660684	1.768086	12.57555	12.93756
L8T1109	66.72002	0.91784	1.913123	14.6959	15.75312
L8T1110	85.07823	0.199015	1.55357	7.801621	5.367567
L8T1111	71.73098	0.6903721	1.854525	13.18814	12.53599
L8T1112	58.97328	1.511029	2.313307	16.3631	20.83928
L8T1113	84.72512	0.2128609	1.536412	8.191018	5.334588
L8T1114	81.61919	0.3971514	1.741061	9.784133	6.458461
L8T1115	71.83137	0.7909817	2.130994	13.42059	11.82607
L8T1116	85.6416	0.1764968	1.774503	8.027948	4.379454
L8T1117	76.33736	0.5242732	2.036628	12.45101	8.650726
L8T1118	63.85244	1.340015	2.287522	16.02199	16.49804
L8T1119	46.33404	2.355492	2.447439	19.51693	29.34611
L8T1120	75.1691	0.6783018	2.013701	12.28849	9.850407
L8T1121	86.23872	0.1521393	1.422276	7.648342	4.538525
L8T1122	90.43028	0.07220473	1.273828	5.796506	2.427181
L8T1123	85.1931	0.1834092	1.655431	8.424274	4.543787
L8T1124	85.72099	0.1493792	1.570242	8.312907	4.246482
L8T1201	78.12718	0.3613466	1.413918	8.65895	11.43861
L8T1202	91.94505	0.08339243	1.071045	2.97433	3.926183
L8T1203	80.89003	0.2875485	1.530221	8.229592	9.062608
L8T1204	81.04285	0.305996	1.623688	8.087443	8.940019
L8T1205	79.76493	0.3728458	1.759965	8.467817	9.634444
L8T1206	80.54332	0.3700736	1.549482	9.797342	7.739779
L8T1207	93.08595	0.05797793	0.9680173	3.860054	2.028004
L8T1208	78.05137	0.4237884	1.636085	10.68116	9.207591
L8T1209	43.26306	2.198946	2.294727	20.20837	32.0349
L8T1210	69.11114	0.7699888	1.960191	14.16677	13.99192
L8T1211	45.66264	2.04265	2.286594	19.7469	30.26121
L8T1212	71.65638	0.770666	2.035437	13.64775	11.88977
L8T1213	86.41402	0.1199144	1.418174	7.753908	4.293979
L8T1214	79.78352	0.305569	1.886047	10.92928	7.095575
L8T1215	99.92748	0.0004584765	0.01214963	0.03568476	0.02422284
L8T1216	76.91411	0.4216452	2.05187	12.46083	8.151535
L8T1217	78.55822	0.3771121	2.012049	11.93153	7.12109
L8T1218	72.63347	0.653733	2.219754	14.02303	10.47001
L8T1219	73.56895	0.601252	2.214785	14.04302	9.571988
L8T1220	45.99126	2.331983	2.452685	19.91665	29.30742
L8T1221	62.1897	1.181792	2.250636	16.59834	17.77953
L8T1222	48.79977	2.220843	2.38405	19.02451	27.57083
L8T1223	77.81151	0.3511572	1.982027	12.61112	7.244191
L8T1224	83.6745	0.1489563	1.728565	9.589239	4.858738
L8T2101	44.3747	1.752642	1.132258	17.76813	34.97227
L8T2102	69.06058	0.6149616	1.501645	13.78813	15.03469
L8T2103	62.61806	1.313392	1.732272	15.84739	18.48888
L8T2104	33.05405	2.368188	2.051949	21.7315	40.79431
L8T2105	32.42095	2.59658	1.874145	21.43119	41.67713
L8T2106	44.35238	2.29152	1.031255	18.62711	33.69773
L8T2107	37.9746	2.538598	1.238694	21.36764	36.88046
L8T2108	35.15499	2.704333	1.736303	21.45489	38.94948
L8T2109	32.17131	2.784351	2.251003	23.08411	39.70922
L8T2110	40.10288	2.649783	1.662811	20.58401	35.00052
L8T2111	39.46297	2.671957	1.855865	21.2698	34.7394
L8T2112	24.03182	3.467243	2.443891	25.45611	44.60094
L8T2113	60.58889	1.345031	2.271617	16.3925	19.40197
L8T2114	39.32097	2.698465	2.039786	20.7152	35.22558
L8T2115	20.07326	3.540052	2.700355	25.56745	48.11888
L8T2116	36.96313	2.819922	2.112138	21.4189	36.68591
L8T2117	40.96216	2.721617	1.784853	19.77946	34.7519
L8T2118	35.99737	3.041858	1.715778	20.29849	38.9465
L8T2119	29.65191	3.260116	2.47033	23.2592	41.35845
L8T2120	37.81655	2.820878	2.388793	21.19682	35.77695
L8T2121	38.70956	2.743593	2.136301	21.90889	34.50166
L8T2122	56.32756	1.724736	2.433111	18.47961	21.03498
L8T2123	74.17106	0.4119397	2.273312	14.35975	8.783941
L8T2124	53.27353	1.772297	2.642773	19.60386	22.70753
L8T2201	36.99338	1.61133	2.363676	18.4174	40.61422
L8T2202	38.33939	1.999547	1.747294	20.99116	36.92261
L8T2203	34.69889	2.137301	1.565972	21.51547	40.08236
L8T2204	98.68029	0.007192273	0.4932823	0.3876489	0.4315853
L8T2205	55.36081	1.610888	2.197776	17.40975	23.42078
L8T2206	75.80227	0.6241232	1.857037	12.80071	8.915867
L8T2207	72.54368	0.810617	1.996649	14.07455	10.5745
L8T2208	40.62736	2.375243	1.591275	19.53965	35.86647
L8T2209	30.71852	2.914962	2.259039	23.54266	40.56482
L8T2210	33.88053	2.733346	2.006685	22.75671	38.62273
L8T2211	39.49937	2.617361	1.638707	21.30946	34.9351
L8T2212	40.34056	2.581886	2.173309	20.83843	34.06581
L8T2213	30.40496	3.084894	2.185285	22.29856	42.0263
L8T2214	32.77162	2.906167	2.325352	21.65327	40.3436
L8T2215	69.97734	0.7662608	2.65597	13.42376	13.17667
L8T2216	39.33004	2.645007	2.153056	20.32146	35.55043
L8T2217	33.29684	2.959973	2.488163	22.38683	38.86819
L8T2218	72.0942	0.6709386	2.221731	14.51267	10.50047
L8T2219	36.93781	2.829841	2.404421	21.07231	36.75563
L8T2220	69.79777	0.8198589	2.32832	15.53498	11.51907
L8T2221	65.05852	1.060902	2.218036	15.36008	16.30246
L8T2222	34.42932	3.266098	1.867701	21.7258	38.71108
L8T2223	34.7441	3.008131	2.355206	22.21597	37.67659
L8T2224	30.59987	3.210277	2.296698	21.96068	41.93247

### Most Popular Unknown Index Sequences
### Columns: Index_Sequence Hit_Count
GATTAG	31492340
GGTCAG	5966240
GATGAG	5935620
GATTGG	5465880
GATCGG	5114420
GGTTAG	4256600
GATTTG	3595220
ATCAGG	3325040
GATCTG	3313820
GGTTGG	2658400
ATCATG	2645660
GTTTAG	2603440
GTCACG	2583980
GTTTGG	2321460
GTTCAG	2280580
ATGACG	2108460
ATGATG	1909800
ATGAGG	1755580
GCTCAG	1576440
GGTTTG	1569940
GATGGG	1524540
GATAAG	1521100
GGTCGG	1458100
GTTTTG	1447260
CTCACG	1307840
GGTGAG	1061460
ATCTCG	960740
GGTCTG	915860
ATCGCG	873560
CAGATT	872460
TAGATT	868620
GGTGGG	835120
GAGCAG	831380
GTTGGG	823200
GATGTG	754140
GTTCGG	749660
GTTGAG	723860
GTTCCG	705500
GCTCGG	669260
GTTCTG	544180
ATTACG	533680
TTCACG	444780
GTTGTG	443060
GTTACG	437520
ATTAGG	436880
GTGAGG	424700
GGTGTG	422980
AGTTGA	418800
GTGATG	418540
ATTTGG	415580
ATCTGG	405360
GAACAG	391220
GTGACG	367080
NATCAG	361500
TAGATC	357420
GCTTGA	353460
ATTTGA	336900
ATAACG	326900
NTCACG	326140
GATCCG	323920
ATTATG	323060
GTCGCG	320940
GTCAGG	317680
ACTTGC	317440
ATCGGG	312480
GTTAGG	311860
GCTTGG	304520
GCTCTG	301760
CGGATC	295080
ATGTGG	289060
CAGGTC	286800
ATGGGG	277500
GTCTCG	275560
ATAAGG	272760
NATTAG	257360
GCTCCG	255500
GTTATG	249400
ACTTGG	247360
AGCACG	245660
GTGGGG	232800
ATTAAG	219120
ATAATG	218760
GTCATG	210880
CTGATC	186460
GTGTGG	185500
GGTCCG	181640
ACTTGT	181140
CAGTTC	178100
GTCCCG	176160
GAGATT	169420
GTGGTG	153680
ATCTTG	152040
CCGATC	142620
ATGTTG	134120
GAGATC	133120
GTGTTG	133020
ATGAAG	127420
GACCAG	127340
ATGGTG	122120
ATCAAG	116600
CTCTCG	115220
TTGATG	114320
GTTTCG	113980
TTCTCG	113700
TTCGCG	111840
ATGGCG	107140
CTCGCG	104540
GTCGGG	103300
GAGATG	102980
ATCGTG	95580
NTTTGG	94040
TAGGTT	89360
GTCTGG	85400
TTCATG	84400
CAGGTT	84140
GTGGCG	81940
TAGTTT	81220
ATTTTG	77400
TTCAGG	77360
NATTGG	76480
TGGATT	74420
TCTTGA	74300
AACACG	74060
GTTGCG	72700
CGGATT	72500
CAGATG	68960
NGTTGG	68920
TTGATT	67120
CGGGTC	65800
TTCGGG	65560
ATAAAG	64440
ATCCCG	63680
CAGTTT	62820
CTGATT	62020
NGTCAG	61380
NATCGG	61240
ATTGGG	60520
ATGTCG	59220
ATTTCG	58960
TTGGGG	57920
CCTTGC	57900
ACGTGA	57380
GGTTGA	57140
TTGTTG	56860
TTCTGG	55200
NTTTTG	55160
TTGAGG	55060
NATGAG	54200
NGTTAG	52060
CCTTGA	52040
CTCCCG	51960
TTGGTG	50780
TTCTTG	50680
NATTTG	49580
AATTGA	49080
NTTTAG	48280
TGGGTT	48160
TTGTGG	47860
NATCTG	47420
TTGACG	47160
GAGGTG	47040
GCTTGC	45740
GAGGTT	45600
AGTTGG	45560
GAGTTG	45160
CCCCCC	44960
TAGATG	44440
GTGTCG	43780
GTTAAG	42860
GAGTTT	42700
CAGAGC	42660
TGGATC	42580
GTCGTG	42520
TAGGTC	41480
TTTTGG	41420
GTCTTG	41380
TTCGTG	41260
NTGAGG	41060
GCTTGT	40520
GAGGTC	40520
NTTCAG	40040
NTGATG	39900
AAGATT	39760
CTGATG	39440
TGGTTT	38640
NGTTTG	38620
TCTTGT	38460
NCTTGA	38400
CGGTTC	37960
GTTTGA	36920
NTCAGG	36140
CCGTTC	35060
ATTTGT	34640
NTCTCG	34500
TTTTTG	34260
NATAAG	33200
NGTCGG	33100
TTAGGC	32660
TAGTTC	30540
AGTTGT	30260
TTGGCG	30160
NTTGGG	29880
CTGGTC	29780
TTGTTT	29160
NAGATC	28600
TTTACG	28580
NTCGCG	27940
GAGTTC	27620
CCGGTC	27620
NTCATG	26900
CGGGTT	26420
GGGGTG	25920
NTGACG	25660
NTTCGG	25560
TTGATC	25340
GGGTTG	25300
GGTTGT	25240
GCTTTG	25120
GATTAA	25100
CTGTTC	25000
ATCACT	24520
ATTGCG	23480
TTTATG	22960
NATGGG	22820
TAGATA	22140
ATTGTG	22100
NGTCTG	21960
GGGATG	21900
CAGCTC	21380
ACCACG	21220
NGTGGG	21140
TTGGTT	20880
NTGGGG	20280
NNTTGG	20220
AAGATA	20220
CGGATG	19880
NTTCTG	19060
GATCAA	18840
GTTTGT	18620
ATCAGC	18580
TTTAGG	18420
GATTGT	18280
NTGTGG	17780
GGGGTT	17640
CGGTTT	17600
GATTAT	17540
TTGTCG	17500
GGGATT	17360
AAGATG	17200
NTTAGG	16940
GGGATC	16940
AAGATC	16740
TGGGTC	16640
GNTCTG	16620
GTGATT	16600
NCTCAG	16380
GGGTTT	16220
CAGATA	15880
TGTTGT	15580
NTTGAG	15440
NGTGAG	15340
NTTGTG	15020
TGTTGA	14720
NTTACG	14340
GATCGT	14300
GAGATA	14280
CAGAAC	14060
GATCAT	13900
NTTATG	13700
NAGATT	13640
GATCAC	13440
TGGATG	13360
CTGGTG	13280
TCTTGC	13120
GATAGC	13100
TTTTGT	13040
TTTGGG	13040
CTGGTT	12960
GTTTTT	12640
CTGTTG	12620
NCTTGG	12600
GAGAAG	12420
NTGGTG	12340
CTGTTT	12340
CCTTGG	12180
GGGGTC	12160
GNTCAG	12140
NCTCGG	12080
GTCAGC	12040
NTGTTG	11920
GTGATC	11880
GTGGTT	11720
NATGTG	11560
NAGCAG	11540
TGGTTC	11300
NGTGTG	11260
GATTTT	11060
GATCGC	10880
GTGTTT	10720
ATCACC	10700
TTTTCG	10180
CTCATG	10180
CAGGTG	10060
NNTTTG	9580
AATCAG	9500
NTTCCG	9400
ATCACA	9380
TTTTGA	9340
NTCTGG	9340
GGTTTT	9340
CTCGGG	9200
CAGTTG	9160
TCTTGG	9120
GACAAG	9000
GGATTA	8740
TGTTGG	8680
AATTAG	8620
TAGGTG	8600
GGGTTC	8600
NTCGGG	8580
ATGATT	8420
TTCCCG	8200
TAGTTG	8180
GGGGGG	8180
GACAGC	8160
GGTGGT	8100
TCACGC	8040
AATAAG	8040
GCTGGG	7900
TATTAG	7860
CTCTGG	7780
TGGGTG	7700
GATCTT	7700
GATGAT	7680
NNTGGG	7620
GATGGT	7600
CGATCA	7440
GATTTA	7360
GATTAC	7340
NNTTAG	7200
ATCAAC	7180
ATGAGT	7120
TTGGGC	7100
GNTCGG	7020
TTGTTC	7000
TTTGTG	6980
TGGTTG	6940
CCTTGT	6860
GATTGC	6820
TTGTGT	6760
CGGGTG	6760
ATCGCT	6740
NTTTGA	6680
GAGCTG	6680
TGGTGT	6640
GGTTCG	6640
CTGACG	6640
GGATCA	6620
NTTAAG	6600
GAGCGG	6560
NCTCTG	6520
GATTGA	6060
GGTTAT	6020
TTGGTC	6000
TATCAG	6000
GAGGAG	5980
CTGGGG	5980
ATGTGT	5960
GAATTA	5920
GGTCGT	5900
CTCGTG	5860
GATGAA	5840
CCGCTC	5760
ATCAGT	5740
GTGGTC	5720
CGATTA	5700
CTGGCG	5660
GCTCGT	5640
ATGGGT	5640
ATGAGA	5640
GGGTGG	5600
ANCACG	5600
TGGGGT	5540
CTCTTG	5540
CGGTTG	5540
GAATCA	5500
GCTTAG	5460
GATATG	5460
NTGGCG	5420
GGTGAT	5380
ACGAGA	5280
NGTTGA	5260
GTGTTC	5200
NAGATG	5160
TTTGCG	5120
NTCCCG	5120
GGTCAT	5060
GAGGGG	5000
NGTCCG	4900
NTTTCG	4840
ATACGC	4720
NAGGTC	4700
GCTGTG	4580
GAGTAG	4560
TTTTTT	4460
NGGATC	4320
ATCATT	4200
NAACAG	4160
ACTAGA	4160
NCTTGC	4120
GGTGTT	4080
GATGTT	4060
NTGAAG	4040
GGTCTT	4000
NTCTTG	3980
CTGTGG	3920
NATCCG	3840
GNTTTG	3840
GTGTGT	3820
CTCACT	3800
CATCAC	3800
TTGGGT	3780
TTAGGG	3780
NTGATC	3720
ATCTCT	3720
GAAAAG	3700
CAGACC	3700
GGTTGC	3640
GATAGG	3620
GGGGAG	3540
GCCAAT	3540
CTCCCC	3520
GAGTGG	3500
NNTGTG	3480
NAGTTC	3480
GGGTGT	3460
GGGGGT	3460
GCTCCC	3460
GACTAG	3360
GGTAAG	3340
ATGACT	3320
ATGTTT	3280
ATCCGC	3260
AATCAC	3260
ATCGGT	3240
NNTGAG	3220
GATAAA	3180
GTGAAG	3140
ATCTGC	3120
GGGTTA	3100
GATTCA	3100
ACACGC	3100
GATCCA	3040
ANCTCG	3040
NCTCCG	3020
TCCCGC	3000
GTTGGT	3000
TGTTGC	2980
NTCGTG	2960
GGTCAC	2960
NTGTCG	2900
CTGTCG	2900
NGCACG	2880
ATTAGA	2880
GGGCGG	2840
GGTATG	2820
GATGGC	2820
NTGATT	2780
GGTAGG	2780
TGTCGG	2760
GNCTCG	2760
NCTTGT	2740
ACGGGA	2680
TTCGGC	2660
ATCTGT	2660
NAGGTT	2620
ATCAGA	2620
TGTCAG	2600
GCTCTT	2600
ACCAGA	2600
TTAGGT	2540
GTGGGT	2540
GGGCTG	2520
NNGAGG	2460
GGGCAG	2460
TGGGGC	2440
GGTCAA	2440
GAGCAA	2440
ATCGGC	2400
GGTGGC	2380
NTTGCG	2360
GTTCTT	2340
ATGGTT	2340
ATGATA	2320
NNGATG	2300
GCTCAT	2300
NGGGTC	2260
AACAAG	2260
TGTTTG	2240
NAGTTT	2220
ATCCAC	2220
AGATCC	2220
CGATCC	2200
TTCACT	2180
TGACTA	2180
GATGAC	2120
AATTAC	2120
TGGTGC	2080
NGGTTG	2080
NTAAGG	2060
GATCGA	2060
ACTGGA	2060
NNGGGG	2040
NGGATG	2040
ATGAGC	2040
NGGGTG	2020
NAGGTG	2020
GGTTAA	2020
GTTCGT	2000
TTCTTT	1980
GCCCCC	1980
GATCTC	1980
CNCTCG	1980
TGATGT	1960
TATTGG	1960
ACGCGG	1960
AAAAAA	1960
TATCGG	1940
GAAGAG	1940
GAGCTC	1920
TTCTGC	1900
TGACCA	1900
NAGTTG	1900
NTTTGT	1880
GGATGA	1880
GATGGA	1880
GATAAT	1880
ACTTTA	1880
ACCTGA	1860
GGTTTA	1820
GGTAGC	1820
GGGTGA	1820
CGGCTC	1820
NNGGTG	1800
GNTTGG	1800
CATCAG	1800
NNTCAG	1780
GTGCTG	1780
NTAACG	1760
TTGTGC	1740
TTCTCT	1740
TGTCTG	1740
AGGTGT	1740
TTCTGT	1720
TTACGC	1720
NNTCGG	1720
NNGTGG	1720
GGTGCG	1720
GGTCGC	1720
AATTGG	1720
TGGGGG	1700
GCTTCG	1700
GCTGAG	1700
NNGTTG	1680
GTTGTT	1680
GGGGGC	1680
NGGATT	1640
CTTGAC	1640
TGTGGG	1600
GGGTAG	1600
GTGGAG	1580
GGTTAC	1580
CTCACC	1580
CATTAC	1580
TTTCGG	1560
NTAATG	1560
GAACAA	1560
ATTCAC	1560
TGTTAG	1540
NTGGTC	1540
NATTGA	1540
CTCGCT	1540
CTCTCT	1520
NGTTGT	1500
NACCAG	1500
NACACG	1500
GTGAGC	1500
ACTTTG	1500
ACATGA	1500
GTTTGC	1480
GTCGGC	1480
CNCACG	1480
AGATTC	1480
TGATTT	1460
GTTTAT	1460
GATCTA	1460
AATGAG	1460
NCGATC	1440
CCTTTC	1440
CCCTCC	1440
NGGGTT	1420
GTTCAT	1420
GTGCGG	1420
CTCAGG	1420
TTTTGC	1400
TTCGGT	1400
TTCGCT	1400
GGTGGA	1400
TTTCCG	1380
TCGCGC	1380
TATTTG	1380
GTCTGC	1380
GNTTAG	1380
GNTCCG	1380
ATTTAG	1380
ATGGCT	1380
AGATTT	1380
GCTTTT	1360
AGGTTT	1360
TATCTG	1340
GGTGAA	1340
GANTAG	1340
CGGTTA	1340
ATTTAC	1340
TTATGC	1320
NTGTTT	1320
ATGGGA	1320
TGATTA	1300
GGTGAC	1300
ATGGGC	1300
ATAAGA	1300
GGCAGC	1280
GAGGGT	1280
TTTCTG	1260
GTCACT	1260
GTCAAG	1260
GNCACG	1260
GGATCC	1260
GAATGA	1260
CCGGTT	1260
GTGTGC	1240
GTGTAG	1240
GGTTTC	1240
GCGCGG	1240
CGTTGT	1240
ACGGGG	1240
TTTGGC	1220
TTATGT	1220
TATGAG	1220
NTGGTT	1220
NNTAGG	1220
GGCCAG	1220
GCTCAC	1220
GACCGG	1220
CGGTCA	1220
ATCGCC	1220
TTCTTC	1200
NGGTTC	1200
GNGCAG	1200
GAGCAC	1200
ATGACA	1200
GGGTGC	1180
CGGTGT	1180
CGATGA	1180
ATNACG	1180
ATCGTT	1180
GCTCGC	1160
GANCAG	1160
GAGTTA	1160
ATGTGC	1160
CCCCTC	1140
TTATTT	1120
GATTCG	1120
AATTAA	1120
NTGTTC	1100
CTTTGG	1100
ATTTTA	1100
AATAAA	1100
TATAAG	1080
NNCAGG	1080
GGGTCA	1080
GAGAGC	1080
CTGCTC	1080
TTTCAG	1060
TGTCCG	1060
TCGGTT	1060
GTTAGC	1060
GGGGAT	1060
GGATTG	1060
GCTCCT	1060
GACGAG	1060
ATGATC	1060
TCTCGG	1040
NTAAAG	1040
NNTCTG	1040
GGTCTC	1040
GGGGGA	1040
ATTTGC	1040
ATCTTT	1040
ATCTAC	1040
TTAGGA	1020
NGGTTT	1020
GAGGAT	1020
ACTCGA	1020
TGCTGC	1000
TCGTTT	1000
GATTTC	1000
TCTCCG	980
NNCACG	980
CACTTG	980
AAGACG	980
GTGGGC	960
CGGTGC	960
NNGACG	940
GACACG	940
CTCTGC	940
CNGTTC	940
CGATCG	940
CCTCCC	940
ATGTGA	940
TGTTTT	920
TGGGGA	920
ATAGGC	920
ACTGAC	920
TTTTAG	900
TGGTGG	900
GTTCAC	900
GTGAGT	900
GGTGTC	900
AACTTG	900
TCGGGC	880
NATTGT	880
GCTCTC	880
TGAGGT	860
NTCAAG	860
GAGAAC	860
ATCGGA	860
AGGGGT	860
ACTTTC	860
GGTCGA	840
GCTCAA	840
GCCCCG	840
GAGGGA	840
CTGTGC	840
CGGGGC	840
CGCTCC	840
ATTGAC	840
ATGACC	840
ATGAAC	840
AATTTG	840
TGTGTG	820
TGCTTC	820
NCTTTG	820
NCGTTC	820
GTTCCT	820
ATCTCC	820
ATATGC	820
AGTTGC	820
ACTTAA	820
ACGCGC	820
TGGTGA	800
NATTAT	800
GTCAGT	800
CGGTCC	800
CGGGGT	800
CCCGCC	800
GTTTAA	780
GTTGAT	780
GCTTTC	780
CTCGCC	780
TTCAGT	760
NNTATG	760
NAGATA	760
NAGAGC	760
GGATTT	760
GAGTGT	760
ATCGCA	760
TTGAGT	740
TATGGG	740
GTTCGC	740
GATCCC	740
GATAGT	740
GAATCC	740
CTGTGT	740
TTATGG	720
NCGTGA	720
GATGTA	720
GAGGAA	720
GACTGG	720
CTCTTC	720
CNGATC	720
ATTATT	720
ATCATA	720
TGCTGT	700
TGAGGC	700
GGATAA	700
GCGCTG	700
GACCTG	700
CGATTT	700
ATTAGT	700
ATATGT	700
ANCGCG	700
AGAAGA	700
TGATGA	680
TCTCTG	680
NATTAA	680
GTTCAA	680
GTCGAG	680
GAATAG	680
CTTTTG	680
CTTGGC	680
TTTGGT	660
NTCACT	660
NNTTGA	660
GTTTTA	660
GTCTCT	660
GGATGG	660
GATAGA	660
CCCCGC	660
CCCCCG	660
AGGTTC	660
AGGTGA	660
TGCTTT	640
TGAGTA	640
GTTTAC	640
GTCGCT	640
GTATTG	640
GGGGAC	640
GCGGGG	640
AGATGT	640
AATTTA	640
TTTGAG	620
TTGACT	620
TCTCAG	620
NNTTGT	620
GTCTAG	620
GGTGTA	620
GGCTAG	620
GGATCG	620
GGAGAG	620
GATCCT	620
CATATG	620
CAGGAT	620
ATNANG	620
ATAATT	620
AGGTGC	620
AATCGG	620
TTCACC	600
TGGTTA	600
TCAGGC	600
NATCGT	600
GGCTGC	600
GCGGTC	600
GANCNG	600
CTTTCG	600
CTCTCC	600
CGTTGC	600
CGCTGC	600
CGCTCA	600
AGATGA	600
AAGAAG	600
TTCGTT	580
TGTGAG	580
TCATGC	580
NNTAAG	580
NCGGTC	580
CTCAGC	580
CAGAAT	580
ATCTTC	580
AGAGGA	580
TGGGTA	560
NTGGGT	560
NTGAGT	560
NNCGGG	560
NAGAAG	560
GTGCCG	560
GTCGGT	560
GTCCGG	560
GTCCGC	560
GTCCAG	560
GGGTCC	560
GCGGGC	560
GATGCG	560
CGGTGA	560
ATATGG	560
ATAACA	560
AGGGGG	560
AGGGGA	560
TATTAC	540
GTTGGC	540
GTCACC	540
GTATTA	540
GGGGTA	540
GGGGAA	540
GGATGT	540
GGAGGA	540
GCGTTC	540
ATTTTT	540
ATTAAA	540
ATGCGC	540
ATCATC	540
ATAAGT	540
AGCACA	540
ACTTAC	540
TTGCGC	520
TGTGGT	520
TGTCGT	520
NATTTT	520
NAGAAC	520
GTCTTC	520
GGAGGG	520
GATGTC	520
GAGTGA	520
GAGGAC	520
GAACAC	520
CTTTGT	520
CTCTGT	520
CGCTTC	520
CCGGGC	520
CCCTGC	520
ATGTTC	520
ATGGTC	520
AGTCAG	520
AGATTA	520
TGCGGT	500
TGAGGA	500
NTTTTT	500
NNTACG	500
GGTCCT	500
GGCTGG	500
GGACAG	500
GAGTAT	500
GACTGC	500
CTGGGC	500
CTGAGG	500
CGATCT	500
CATTAG	500
CAGTCC	500
CAAGAT	500
ATTCAG	500
ATAATA	500
AGGGTT	500
AGGGGC	500
ACGCGA	500
ACCTTG	500
TGACGC	480
NNCATG	480
GCGTGG	480
GATTCC	480
GANTNG	480
GAGTAA	480
GAGGGC	480
GAGAGG	480
GACTTG	480
CTTGTC	480
CCGTTT	480
ANTTGA	480
AGTTTA	480
AGGACG	480
ACAGGC	480
TTCGTC	460
TCTCGT	460
TCCCCC	460
GTCTGT	460
GTCAAC	460
GGAGGT	460
GAGAAT	460
GACGGC	460
CTCTTT	460
CGGTCG	460
ATCGAC	460
ATCCGG	460
ATATGA	460
AGGGTC	460
AGCAGG	460
AGCACC	460
ACCAGG	460
AATATG	460
TGATGC	440
TGACCC	440
TCGTTC	440
NNGGCG	440
NATGGT	440
NATCAT	440
GGCGGC	440
GCTTAT	440
CTTACG	440
CTCACA	440
CGCCCC	440
AATCTG	440
GNACAG	420
GATATT	420
GANTTG	420
GAGTCA	420
GAGCGT	420
GAAGAA	420
CGATTG	420
CCGCCC	420
CAAATC	420
ACGGGC	420
